--pattern-win 0 1 2 3 0.0005 0.0593 0.0059 0.0517
--pattern-win 0 1 2 16 0.0005 0.0921 0.0134 0.0917
--pattern-win 0 1 16 17 0.0005 0.0550 0.0031 0.0399
--pattern-win 0 16 17 18 0.0009 0.0356 0.0045 0.0503
--pattern-win 16 17 18 19 0.0028 0.0485 0.0073 0.0495
--pattern-win 17 18 19 20 0.0046 0.0313 0.0085 0.0346
--pattern-win 18 19 20 21 0.0045 0.0265 0.0053 0.0312
--pattern-win 19 20 21 22 0.0030 0.0272 0.0075 0.0404
--pattern-win 20 21 22 23 0.0039 0.0302 0.0047 0.0274
--pattern-win 21 22 23 24 0.0036 0.0311 0.0048 0.0376
--pattern-win 22 23 24 25 0.0033 0.0376 0.0037 0.0400
