--pattern-win 1 16 17 18 0.0018 0.0291 0.0029 0.0486
--pattern-win 0 1 16 18 0.0005 0.0445 0.0087 0.0952
--pattern-win 0 16 17 19 0.0008 0.0363 0.0151 0.1412
--pattern-win 0 16 18 19 0.0009 0.0915 0.0046 0.0661
--pattern-win 0 17 18 19 0.0005 0.0501 0.0042 0.0656
--pattern-win 16 17 18 20 0.0031 0.0323 0.0217 0.1250
--pattern-win 16 17 19 20 0.0073 0.1085 0.0085 0.0472
--pattern-win 16 18 19 20 0.0018 0.0451 0.0078 0.0454
--pattern-win 17 18 19 21 0.0052 0.0317 0.0189 0.1073
--pattern-win 17 18 20 21 0.0098 0.0860 0.0067 0.0423
--pattern-win 17 19 20 21 0.0040 0.0440 0.0054 0.0420
--pattern-win 18 19 20 22 0.0044 0.0255 0.0176 0.0867
--pattern-win 18 19 21 22 0.0085 0.0640 0.0063 0.0500
--pattern-win 18 20 21 22 0.0032 0.0301 0.0048 0.0483
--pattern-win 19 20 21 23 0.0032 0.0249 0.0168 0.0806
--pattern-win 19 20 22 23 0.0104 0.0679 0.0056 0.0457
--pattern-win 19 21 22 23 0.0019 0.0347 0.0040 0.0432
--pattern-win 20 21 22 24 0.0046 0.0354 0.0166 0.1632
--pattern-win 20 21 23 24 0.0097 0.0773 0.0048 0.0501
--pattern-win 20 22 23 24 0.0022 0.0329 0.0046 0.0481
--pattern-win 21 22 23 25 0.0035 0.0304 0.0118 0.0974
--pattern-win 21 22 24 25 0.0104 0.1042 0.0044 0.0585
--pattern-win 21 23 24 25 0.0040 0.0424 0.0037 0.0444
--pattern-win 22 23 24 26 0.0032 0.0368 0.0079 0.0884
--pattern-win 22 23 25 26 0.0071 0.0737 0.0030 0.0504
--pattern-win 22 24 25 26 0.0027 0.0390 0.0035 0.0469
--pattern-win 23 24 25 27 0.0029 0.0279 0.0099 0.0826
--pattern-win 23 24 26 27 0.0070 0.0672 0.0031 0.0456
--pattern-win 23 25 26 27 0.0030 0.0462 0.0032 0.0385
